Reitur  Tog     Sm\(a'- Kastað  Kastað  Híft    Híft    Dýpi    Dýpi    Grand.- Vír     Tog-    Tog-
nr.     nr.     reitur  N.br.   V.ld.   N.br.   V.ld.   kst(m)  híf(m)  le.(fm) fm      stefna  lengd
			fromlat	fromlng	tolat	tolng
			
568     1       2       655800  181600  660200  182100  90      113     35      175     330     40
569     11      1       655600  194700  660000  195000  81      117     35      175     343     40
570     1       1       654428  203091  654824  203346  76      95      35      150     343     40
570     2       1       655500  203200  655910  203610  117     138     35      275     334     40
570     11      1       655900  204500  655500  204800  126     153     35      225     175     40
571     1       2       655730  205897  655436  210782  162     234     35      325     230     40
571     11      4       653762  210187  653340  210531  120     128     35      225     200     40
616     1       1       662193  164190  662625  164294  113     136     35      200     345     41
616     11      1       661576  164822  661861  164092  196     202     35      300     65      42
617     1       3       660800  173200  661150  172600  170     180     45      300     35      40
617     2       1       662000  174200  662400  174700  158     198     45      300     0       40
617     3       1       662700  173600  662700  172600  216     324     45      400     90      40
617     11      3       661400  174500  661000  174300  162     216     45      300     175     40
617     12      2       661500  173000  661900  173000  216     234     45      350     360     40
617     13      4       661500  171900  661100  172200  126     171     45      275     200     40\(*D
618     2       2       661500  181800  661800  182300  171     180     35      300     333     40
618     3       2       662600  182200  663000  182200  99      162     35      175     360     40
618     11      2       662000  182700  662400  182700  135     189     45      300     355     40
618     12      2       662700  180700  662400  181400  63      76      35      125     225     40
618     13      4       660500  182100  660900  182500  72      131     35      150     335     40
618     14      1       662200  184800  662540  185420  400     431     45      550     310     40
619     1       1       661900  194700  662315  194625  180     200     35      300     360     40
619     2       1       662150  193747  661750  193620  160     225     45      300     170     40
619     3       3       661500  193600  661350  194612  180     225     45      275     260     40
619     4       2       662000  190300  662400  190500  189     225     35      225     350     40
619     11      3       660500  194700  660737  193860  117     171     35      225     55      40
619     12      4       661100  191000  661500  190900  81      126     35      175     0       40
619     13      3       660000  195400  660300  194800  82      146     35      200     38      40
619     14      2       662000  192400  662000  191400  117     198     35      250     90      40
619     15      3       660500  195400  660900  195100  150     153     35      275     17      40
620     1       3       661100  203800  661500  203900  171     207     45      300     350     40
620     2       1       662300  204700  662700  204800  171     184     35      300     351     40
620     11      3       661300  200000  661700  200000  135     153     35      275     182     40
620     12      2       662000  201800  662400  202000  90      162     35      225     350     40
621     1       2       662940  210297  662600  210800  162     216     45      275     220     40
621     2       2       662450  211560  662834  211986  160     180     35      300     325     40
621     3       1       663000  213620  663012  214711  81      133     35      200     270     40
621     4       2       662400  212500  662004  212004  108     133     35      200     325     41
621     11      2       662000  210300  661600  210300  135     153     35      250     180     40
621     12      2       661700  211700  661400  210900  100     145     35      225     145     40
621     13      4       660900  211500  660488  211421  90      112     35      150     175     40
665     1       2       664391  151112  664809  151072  151     156     35      275     360     40
665     2       2       665591  151184  665823  150288  132     150     35      275     55      40
665     3       3       664388  155011  664400  154015  151     190     35      275     90      40
665     4       3       664102  153900  663785  153366  208     212     45      325     156     38
665     5       1       664799  155531  665207  155331  257     284     45      375     10      40
665     11      4       663505  150609  663390  151608  150     162     35      275     265     40
665     12      4       663518  152701  663826  152100  199     210     35      300     30      40
665     13      4       664478  152398  664319  153338  220     243     45      350     260     40
665     14      4       663025  152414  663206  153303  137     154     35      250     300     40
665     15      1       665510  152777  665636  153728  176     182     45      300     290     40
666     1       1       664537  164730  664971  164585  110     126     35      250     5       41\(*D
666     2       1       665507  165030  665519  163919  180     190     45      300     90      40
666     3       4       664509  163012  664517  161977  160     178     35      300     90      40
666     4       2       665017  161512  664766  160685  252     273     45      350     130     40
666     5       1       670001  165002  670004  163940  256     270     45      325     90      39
666     11      3       664422  165013  664012  164749  130     157     35      275     175     40\(*D
666     12      4       664084  160241  664520  160185  180     207     35      275     360     40
666     13      3       664001  165693  663695  165044  182     265     35      350     145     40
666     14      1       664541  163970  664962  163592  145     186     35      275     20      40
666     15      4       663942  162558  664005  161461  120     123     35      250     70      40
667     1       4       664100  171700  663700  171800  158     229     35      275     360     40\(*D
667     11      1       665500  180000  665100  180000  351     423     45      525     180     40
667     12      2       665000  171800  665400  171800  216     243     45      350     360     40
667     13      2       664500  172400  664500  171200  260     245     45      400     90      40
667     14      2       664500  170300  664819  170936  198     252     45      350     330     40
668     1       2       664900  182900  665000  181900  230     242     45      350     80      40
668     2       2       665900  182800  665500  182800  180     225     45      325     180     40
668     3       4       663800  180000  663900  180900  153     189     45      275     275     40
668     4       4       664200  183100  664500  182400  230     252     45      375     35      40
668     5       4       663500  182400  663900  182500  180     180     45      300     352     40
668     11      3       663000  183600  663400  183300  216     216     45      325     17      40
668     12      4       664200  182100  664500  181500  198     306     45      325     35      40
668     13      1       664659  183408  665065  183358  374     385     45      550     360     40
668     14      4       663500  180600  663700  181500  81      108     35      150     300     40
668     15      1       665700  184800  670000  185100  225     252     45      350     0       40
669     1       1       664400  193100  664700  193800  216     243     45      325     318     40
669     2       3       663500  194000  663900  193500  225     243     45      350     20      40
669     3       3       663900  194800  664200  194400  144     160     45      250     30      40
669     4       4       664100  191300  663700  191700  288     320     45      375     200     40
669     11      4       663000  192400  663400  192200  306     306     45      375     15      40
669     12      2       664500  192100  664900  192200  297     315     45      475     350     40
669     13      1       664500  195700  664700  194800  216     266     45      350     65      40
670     1       4       663400  201300  663700  200400  78      113     45      175     53      40
670     2       4       663900  200000  664300  200000  124     162     45      250     360     40
670     3       1       664800  204800  665100  204000  279     297     45      375     46      40
670     4       1       665900  205000  665900  204100  189     252     45      275     90      40
670     5       2       665600  203000  665800  202200  261     288     45      350     57      40
670     11      1       665500  205500  665800  210000  135     171     45      250     329     40
670     12      4       663500  202700  663700  201700  272     282     45      375     55      40
670     14      4       664000  201800  664200  200900  252     250     45      350     53      40
670     15      3       663000  204200  663400  204300  207     315     35      375     355     40\(*D
671     1       4       664000  212700  664000  211700  90      126     45      150     81      40
671     2       2       665300  211000  665400  205800  117     171     45      250     260     40
671     3       2       664400  211300  664800  210800  99      108     45      175     26      40
671     4       2       664800  212700  664900  211600  81      81      45      125     220     40
671     5       3       663600  215500  663700  214500  72      108     45      150     75      40
671     11      4       663500  213300  663900  212700  108     117     45      150     30      40
671     12      1       665500  213900  665600  212900  162     162     45      250     80      40
671     13      1       664500  214200  664700  215100  117     153     45      225     295     40
671     14      1       665300  215500  665500  214600  171     180     45      275     65      40
671     15      4       664000  210600  664300  210000  189     225     45      325     46      40
672     1       2       665300  220700  665600  221300  144     171     45      250     330     40
672     2       2       665900  221500  665900  222600  189     198     45      300     270     40
672     3       2       665700  222600  665400  223400  162     189     45      275     220     40
672     4       1       665700  224900  665400  225800  220     225     45      325     225     40
672     5       1       665600  224100  665900  223500  180     198     45      275     45      40
672     6       2       665200  222500  665100  221500  126     126     45      225     100     40
672     11      1       664500  223600  664800  224300  81      108     45      150     313     40
672     12      1       665000  224200  665300  223500  126     144     45      225     43      40
672     14      4       663500  222300  663900  222400  58      68      35      125     10      40
672     15      4       664400  220800  664000  220600  90      90      35      150     170     40
672     16      1       664500  225700  664900  225300  90      126     45      150     20      40
716     11      3       670604  165401  670605  164302  360     380     45      500     90      41
717     1       4       670000  172600  670400  172300  234     261     45      350     15      40
718     1       4       665900  183000  670400  183000  170     162     45      250     360     40
718     2       3       670000  184800  670400  184500  162     207     45      275     15      40\(*D
718     11      2       671100  182900  671400  182200  416     531     45      525     40      40
718     12      4       670400  182200  670000  182100  162     207     45      275     360     40\(*D
719     1       1       671900  194400  671600  194900  288     342     45      425     215     40
719     2       3       670900  194900  670600  195600  279     297     45      375     220     40
719     11      4       671000  192400  670700  193200  369     468     45      550     215     40
720     1       1       671800  204600  671400  204000  252     315     45      375     147     40
720     2       3       671000  204600  670700  205400  216     239     45      300     234     40
720     3       3       670600  204000  670300  204900  189     205     45      275     232     40
720     11      1       672000  203300  671800  204300  329     351     45      450     235     40
720     12      4       670500  200900  670200  201700  270     279     45      350     220     40
720     13      4       670900  202800  671000  201800  234     252     45      325     70      40
720     14      3       670200  203400  670500  202700  230     252     45      350     50      40
721     1       3       670500  212700  670200  213600  207     216     45      275     233     40
721     11      4       670200  211300  670600  211000  171     202     45      250     15      40\(*D
721     12      3       670600  214300  671000  213900  207     216     45      275     30      40
